5659
9489
4147
6891
7718
7320
9873
5571
7110
5509
7293
2899
4801
5866
9717
1087
7196
5079
6779
8326
3278
8589
2523
4588
1530
6735
1392
6133
2546
1681
4824
6657
8504
3394
4816
2404
9593
4340
9941
6128
1307
8483
6918
2393
5115
2001
1695
6935
3321
8666
5791
2041
1413
9072
5609
8640
2073
5002
4473
9146
5092
9063
9276
3799
6152
8185
8176
9735
9330
3085
5772
3655
9529
5220
5720
1374
7767
6307
5617
7873
1943
4799
9975
5528
8666
2801
1896
8390
1473
7127
3896
9711
3093
1152
7178
1732
4465
3906
5076
6893
5517
5466
7507
7201
4912
7563
6369
6681
5775
8843
6264
4590
7969
5647
4216
4326
7585
9152
8565
2007
3988
8337
6581
9016
4092
3504
8588
5938
2405
7756
7075
8583
6883
4330
6925
2571
2703
4490
8134
1729
5674
7123
6503
8971
9341
4990
1010
9778
5139
4226
7891
7067
5469
5654
3889
8469
1173
4957
1064
2610
5885
2504
1769
1854
1544
1526
2830
3879
5780
1230
6040
8162
6790
6877
4666
9078
6070
7488
7907
3410
8280
3506
1110
9349
4770
9295
9417
5339
8326
9436
1446
5454
7670
5772
7460
6588
9455
5954
1207
1061