27092489
27462309
27243997
27694316
27416111
27324489
27099403
27361290
27304211
27640618
27813795
27227445
27609823
27353172
27198904
27911335
27452248
27668253
27961109
27829894
27686237
27473275
27041713
27017485
27595712
27749470
27422095
27421850
27666127
27627070
27008983
27445865
27067993
27579820
27309687
27558616
27773752
27993741
27039823
27382705
27067252
27342120
27319589
27224392
27815700
27146511
27977497
27288209
27614530
27504530
27737980
27592704
27266208
27863915
27254801
27588728
27379256
27984210
27096809
27084901
27031633
27769544
27223500
27006303
27570133
27192338
27419646
27828070
27669828
27013003
27341619
27039134
27163948
27688110
27371761
27848581
27920389
27564584
27323412
27125436
27028451
27347656
27341470
27627289
27236949
27316940
27949242
27149942
27278971
27668631
27846259
27734348
27184453
27158670
27587533
27120013
27264779
27252737
27911472
27789388
27033893
27420699
27065559
27466358
27457375
27067643
27557595
27649177
27625174
27102809
27747391
27698370
27879562
27535669
27107788
27376766
27539152
27790694
27512764
27303381
27076781
27794005
27169403
27620748
27577531
27466192
27932063
27343301
27716914
27153826
27149127
27355181
27053137
27553874
27108362
27508040
27227757
27595040
27080656
27816384
27321818
27256316
27533467
27154523
27514777
27453577
27623247
27700110
27300249
27030293
27688543
27849816
27559310
27942380
27123537
27128363
27368419
27705155
27870613
27377070
27736010
27854516
27154623
27266707
27033517
27214695
27051853
27954466
27995606
27167573
27968609
27561012
27302704
27543297
27115409
27496805
27445600
27464582
27628350
27651783
27643076
27624701
27843531
27508258
27025463
27728993
27582600
27260679
27953800
27448866
27874324
27278474
27375296
27515463
27411170
27446744
27320531
27541064
27594455
27236113
27577937
27801144
27025290
27240862
27077835
27126970
27733513
27686723
27779909
27553388
27211387
27817576
27650933
27108120
27950282
27298052
27070333
27448312
27439594
27141024
27726012
27713467
27928915
27095489
27217302
27087411
27083645
27117596
27826948
27815501
27916756
27429777
27539113
27613579
27258238
27701789
27735865
27670916
27482399
27494380
27445429
27418042
27481526
27085991
27609704
27492643
27072614
27268389
27161157
27282988
27083787
27592688
27994779
27846114
27263790
27562619
27244226
27846464
27378754
27662925
27952621
27935276
27851830
27487594
27133325
27106749
27726516
27009160
27245995
27611718
27871768
27922726
27031174
27537120
27724981
27894204
27813247
27069015
27276252
27668275
27587641
27198833
27095751
27060933
27888467
27790747
27558966
27651041
27493486
27234846
27632176
27828636
27611800
27635419
27640513
27582151
27102635
27034628
27302574
27146669
27239562
27198633
27584526
27290338
27917042
27825896
27877920
27231987
27367174
27865420
27027699
27304350
27193104
27326168
27061841
27022778
27417493
27891323
27581579
27881522
27533741
27257746
27940243
27960287
27468752
27488110
27823012
27141762
27746142
27986638
27712500
27167226
27614812
27790744
27231422
27574618
27052950
27076674
27723517
27634714
27678292
27133922
27972254
27609955
27613758
27269833
27814362
27693544
27255251
27611793
27919005
27542746
27777431
27707373
27634776
27545365
27943629
27737519
27608609
27182428
27205607
27002492
27992867
27214339
27969444
27416509
27894974
27719952
27058500
27443920
27137374
27731603
27878827
27726259
27544143
27769138
27933463
27592814
27831353
27579238
27448434
27500092
27559034
27397148
27870911
27352509
27236638
27483185
27160992
27908297
27861258
27975724
27597442
27485096
27075322
27425189
27911981
27827232
27463972
27841149
27265002
27626230
27760659
27134782
27706915
27425864
27935581
27931802
27014372
27820357
27188160
27057098
27038306
27888475
27676718
27264817
27743066
27229203
27435727
27430453
27254635
27582534
27867793
27224714
27937064
27060570
27774591
27911111
27403052
27393688
27160039
27023561
27887363
27232852
27808574
27203046
27351411
27291453
27542843
27379594
27596554
27088710
27262451
27134834
27824342
27126204
27688881
27168660
27297242
27876950
27865274
27524430
27260061
27533836
27177125
27883449
27176105
27404948
27330940
27937275
27919444
27389007
27804733
27682789
27971171
27075724
27697983
27572008
27043874
27490544
27775824
27982016
27074526
27199025
27338390
27987744
27145671
27191315
27881104
27844078
27878108
27247201
27182099
27247190
27142411
27046150
27304644
27065771
27446173
27486560
27868581
27560837
27447454
27610145
27048038
27043074
27537001
27219325
27999307
27688317