10 73 49 26
36 69 39 12
72 57 70 61
46 33 59 45
17 34 90 97
67 36 66 95
50 44 97 46
80 65 28 74
87 43 84 24
35 96 25 69
55 70 11 13
30 98 84 82
51 18 47 56
13 62 59 27
52 31 32 28
75 12 28 93
14 64 83 25
58 10 19 35
77 71 43 29
66 17 85 47
46 48 83 28
16 45 92 17
78 29 26 39
68 45 57 67
54 24 23 22
16 44 77 33
66 88 18 50
67 97 30 37
52 40 76 89
93 81 65 25
62 63 40 15
48 15 83 88
54 74 12 80
28 85 45 87
97 14 63 53
18 42 72 55
56 13 80 41
31 96 23 39
81 37 17 30
31 20 75 48
74 64 46 86
35 71 41 69
79 73 58 16
27 76 19 22
32 81 67 32
95 89 44 22
90 79 62 34
26 25 20 35
88 29 54 38
33 35 76 23
89 92 19 58
86 87 10 40
49 19 12 37
56 71 21 51
16 89 91 63
68 11 17 62
34 55 91 90
47 36 93 71
74 38 45 41
65 11 76 53
99 94 24 13
70 39 78 27
41 60 59 15
53 39 68 30
93 65 53 40
42 14 98 38
59 42 99 84
31 11 60 14
60 98 38 12
21 51 72 51
91 31 58 95
91 79 18 26
16 85 52 20
21 95 23 50
46 99 82 82
26 29 24 44
57 24 79 22
75 20 73 72
20 61 63 96
87 66 56 48
34 23 75 41
11 14 32 78
52 27 30 38
86 18 49 54
69 83 47 85
99 77 40 77
36 92 21 61
90 78 98 61
92 50 94 36
25 22 33 49
37 34 13 94
64 86 15 96
19 88 70 68
84 73 27 44
33 32 60 82
64 10 43 42
15 81 43 42
21 43 37 94
29 80 57 55